31,35
31,2
31,1
31,1
31,1
31,05
31,1
31,3
32,75
31,9
30,3
29,15
29,7
29,65
30,1
29,4
29
29,05
29,1
29,35
29,35
29,6
29,6
29,65
29,65
29,75
29,65
29,65
29,45
29,1
29,1
27
27,8
28,6
28,4
28,25
28,5
28,8
28,7
28,6
28,65
28,2
28,2
28,9
28,4
29,25
29
28,85
28,7
28,4
28,4
28,45
28,45
28,5
28,5
29,2
29,6
29,6
29,6
29,6
29,65
29,85
30
30,15
30,45
30,35
30,7
30,75
30,75
30,55
30,65
30,65
30,6
30,5
30,55
30,85
30,8
30,8
30,75
30,8
30,7
30,6
30,65
30,25
30,25
30,15
30,05
30
29,85
29,8
30
30,05
29,7
29,85
30,35
30,35
30,05
30,1
30,4
30,35
30,35
30,3
30,35
30,4
30,4
30,35
30,6
30,65
30,6
30,75
31,05
31,2
31,3
31,55
31,6
31,55
31,5
31,5
31,3
31,1
31,15
31,2
31,25
31,35
31,35
31,35
31,3
31,3
31,4
31,5
31,6
31,7
31,8
31,85
31,8
31,75
31,65
31,65
31,6
31,6
31,45
31,5
31,75
31,85
31,95
32
32,25
32,15
32,25
32,1
32,1
32
32,15
32
31,9
32
31,95
31,9
31,85
31,75
31,65
31,65
31,7
31,7
31,8
31,7
31,7
31,65
31,65
31,65
31,65
31,4
31,4
31,3
31,3
31,2
31,15
31,25
31,4
31,4
31,45
31,4
31,4
31,35
31,35
31,3
31,15
30,9
30,65
30,45
30
30,15
30,55
30,25
30,55
30,85
30,7
30,45
30,75
30,6
30,5
30,6
30,55
30,5
30,55
30,45
30,45
30,25
30,25
30,25
30,25
30,35
30,45
30,45
30,35
30,4
30,35
30,4
30,25
30,15
30,1
30,15
30,15
29,3
29,32
29,5
29,5
29,5
29,5
29,5
29,87
29,7
29,62
29,35
29,57
29,4
29,4
29,37
29,3
29,4
29,4
29,4
29,4
29,22
28,55
28,62
28,67
28,6
29,07
29,07
29,07
30,12
30
29,8
29,65
29,65
29,4
29,55
29,55
29,2
29,3
29,3
29,5
29,55
29,55
29,75
29,9
29,7
29,75
29,9
29,75
29,75
29,7
29,95
30,15
29,97
30,27
30,25
30,2
30,2
30,2
30,2
29,95
29,95
29,75
29,6
29,6
29,65
29,85
30,12
30,12
30,2
30,25
30,4
30,3
30,2
30,62
30,62
30,72
30,65
30,75
30,75
30,72
30,72
30,92
30,87
30,87
30,77
30,72
30,62
30,6
30,7
30,75
30,7
30,65
30,65
30,65
30,8
30,8
30,8
30,75
30,8
30,8
30,8
30,75
30,75
30,75
30,8
30,75
30,65
30,65
30,6
30,55
30,5
30,5
30,5
30,45
30,4
30,45
30,4
30,25
30,25
30,17
30,15
30,15
30,25
30,2
30,3
30,35
30,35
30,55
30,65
31
30,75
30,75
30,75
30,45
30,5
30,5
30,6
30,6
30,85
30,75
30,85
30,75
30,7
30,75
30,55
30,45
30,4
30,2
30,2
30,1
30,15
30,05
29,8
29,7
29,6
29,25
29,15
29,55
29,35
29,3
29,55
29,75
29,6
29,45
29,45
29,6
29,65
29,5
29,4
29,35
29,1
29
28,9
29
28,75
28,65
28,45
28,3
28,2
28,05
27,85
27,7
27,65
27,65
28,05
29,1
28,85
28,95
29,3
29,35
29,35
29,15
29,05
29,25
29,2
29,05
29,1
29,1
29,3
29,6
29,5
29,5
29,85
29,75
29,8
29,3
29,3
29,3
29,1
28,9
29,25
29,25
29,25
29,5
29,4
29,35
29,3
29,2
29,25
29,35
29,3
29,25
29,25
29,15
29,6
29,6
29,65
29,65
29,6
29,5
29,45
29,4
29,35
29,4
29,35
29,3
29,1
28,75
28,65
27,9
27,55
27,7
28,35
28,1
28,4
28,5
28,6
28,4
28,1
28,5
28,7
28,6
28,5
28,7
28,7
28,65
28,55
28,45
28,45
28,45
28,4
28,05
27,85
27,75
27,6
27,6
27,6
27,15
27,3
27,3
27,5
27,3
27,3
27,5
27,65
27,7
27,5
27,45
27,25
26,7
26,7
26,4
26,6
26,5
26,05
26,2
26,2
26,2
26,2
26,8
26,35
26,35
26,4
26,4
26
25,8
25,2
25,55
25,5
25,45
25,75
25,75
26,1
25,9
25,6
25,7
25,7
25,9
25,5
25,3
25,25
25,55
25,2
25,4
25,65
26,35
26,75
26,5
26,75
27,1
27,25
27,6
28,05
27,4
27,8
27,85
27,8
27,8
27,75
27,7
27,6
28
28
28
28
28
27,2
27,75
27,55
27,75
28
27,75
27,6
27,9
28,1
28,15
28,3
28,85
28,8
29
29,3
29,7
28,1
28,45
28,2
28,25
28,3
28,7
28,8
28,8
28,9
28,9
29,05
29,05
29,25
28,9
28,65
29,15
29,05
28,95
29
29,3
29,6
29,5
29,25
27,85
27,9
27,65
27,6
27,35
27,35
27,3
27,2
27,3
27,15
27,6
27,4
27,6
27,65
27,75
27,9
27,8
27,9
28
27,95
27,8
27,75
27,75
27,55
27,65
27,9
27,85
27,5
27,45
27
27,1
26,9
26,8
26,95
27
27,4
27,3
27,25
27,2
27,3
27,2
27,4
27,5
26,75
26,9
27,1
26,7
26,7
26,9
26,9
26,9
26,9
27
27,45
27,5
27,35
27,1
27,25
27,35
27,5
27,5
27,4
27,7
27,85
28
27,3
27,3
27,35
27,35
27,15
27,2
27,25
27,3
27,25
27,25
27,3
27,4
27,55
27,6
27,7
28
28
28
28,1
28,2
28,2
28
28,1
28,1
28,1
27,95
28,05
28,05
28,3
28,25
28
27,75
27,65
27,9
27,9
28,05
28
27,9
28,1
28,1
28,2
28,7
28,7
28,98
28,4
28,9
28,9
29,1
29,05
29,25
29,3
29,05
29,15
29,25
29
28,65
28,75
29
29,35
29,35
29,55
29,52
29,95
30,3
30,35
30,05
30,05
30,15
30,2
30,1
30,4
30,35
30,2
29,95
30,35
30,4
30,45
30,7
30,8
31,05
31,35
30,95
30,9
31,3
31,7
31,8
31,7
31
30,75
29,75
29,72
29,75
29,75
29,05
28,64
28,88
28,74
27,52
27,2
26,8
27,25
27,37
27,27
26,42
25,79
26,65
26,4
26,4
26,4
26,4
26,2
26,2
26,65
26,3
26,3
25,56
26
26,53
25,85
25,87
26,03
25,65
25,08
24,97
25,18
23,98
23,63
21,33
20,61
20,25
19,93
19,45
20,87
19,45
19,61
19,58
18,95
17,42
15,58
16,28
16,6
17,7
16,78
16,28
15,74
16,43
16,03
16,03
14,7
15,08
14,13
13,63
14,68
14,68
14,62
14,05
13,23
11,98
11,98
12,03
13,13
12,24
12,94
13,23
14,05
12,6
12,55
13,28
14,03
13,25
12,75
13,95
12,2
12,43
12,03
11,35
11,35
10,25
11,13
11,35
11,7
12,75
14,39
12,83
13
13,45
13,63
12,94
12,72
11,5
11,75
11,88
12,48
13,13
13,7
13,65
14,23
13,34
13,63
13,38
13,8
14,65
14,32
14,43
15,13
15,7
15,83
15,75
15,65
15,53
15,68
16,08
17,13
16,18
15,53
16,04
16,95
16,95
15,1
14,65
14,5
14,3
13,8
13,35
13,15
13,2
12,72
12,6
12,38
13,51
13,69
13,82
13,64
13,65
13,61
13,73
14,44
14,05
13,97
13,23
13,14
13,38
12,8
12,38
12,04
11,7
11,7
11,17
11,18
11
11,13
11,13
11,22
11,85
12,67
12,3
12,8
13,06
10,88
10,82
10,95
10,82
11,08
11,63
11,72
11,22
11,55
14
14,35
14,8
15,17
14,82
14,91
15,5
15,27
15,42
15,82
15,57
14,97
15,22
15,22
15,47
15,48
15,77
15,82
15,82
15,92
15,92
16,42
16,02
16,17
15,63
15,63
15
14,9
15,04
15,05
14,31
13,8
14,02
14,55
14,46
13,93
14,3
14,55
14,27
14,42
14,92
14,7
15,22
15,38
14,86
14,82
15,6
15,35
15,05
14,97
14,97
14,55
14,82
14,52
14,85
15,16
15,22
14,85
14,88
14,92
14,4
14,17
13,72
15,07
15,25
14,7
15,05
14,92
15,07
15,15
15,3
15,38
15,32
15,55
15,67
15,61
15,64
15,51
15,1
15,13
14,97
15,05
15
15
15
15,29
15,21
15,13
15,19
15,13
15
14,92
15,11
15,48
16,13
16,38
16,11
15,83
16,27
16,55
16,94
16,92
17,25
17,25
17,25
17,65
17,72
17,92
17,92
18,13
17,97
18,21
18,27
18,63
18,77
18,99
18,86
19,13
19,09
19,13
18,7
18,72
18,6
18,76
18,59
18,63
18,47
18,56
18,68
18,72
18,59
18,38
18,26
18,56
18,44
18,36
18,42
18,02
18,05
17,82
17,82
17,77
17,44
17,47
17,82
17,15
16,74
16,42
16,97
16,45
16,43
17,4
17,4
18
18,13
18,13
18,27
18,32
18,41
18,39
18,6
18,93
18,74
18,61
18,69
18,59
18,59
18,47
18,63
18,65
18,66
18,81
18,77
18,89
18,67
18,7
18,68
18,67
18,63
18,25
18,07
18,09
18,45
18,58
18,58
18,66
18,96
19,02
19,02
19
18,82
18,72
18,66
18,75
18,84
18,92
19,17
19,21
19,07
19,27
19,42
19,37
19,39
19,56
19,83
19,9
19,97
19,75
19,95
19,67
19,67
19,34
19,38
19,28
19,36
19,54
19,69
19,86
19,74
19,79
19,93
19,83
19,82
19,85
19,92
20,06
20,27
20,4
20,49
20,64
20,49
19,94
20,13
20,15
20,34
20,38
20,21
20,46
20,61
20,61
20,91
20,76
20,93
21,32
21,34
21,38
21,64
22,22
22,44
22,44
22,22
21,75
21,72
21,22
20,57
20,5
21,35
21,49
21,46
21,43
22,21
21,82
21,36
21,16
21
20,69
21,07
20,95
20,76
20,52
19,85
19,83
19,7
19,46
19,2
19,17
19,3
19,49
19,69
19,44
19,75
19,6
19,61
19,47
19,33
19,33
18,99
19,42
19,71
19,41
19,63
19,66
19,71
19,57
19,57
19,76
19,35
19,65
19,6
19,47
19,47
19,57
19,61
19,61
19,88
19,8
19,32
19,67
19,76
19,66
19,66
19,65
19,78
19,77
20,23
19,79
19,79
19,92
20,18
20,17
19,99
20,14
20,09
19,92
19,96
19,63
19,39
19,08
19,01
18,72
18,65
18,97
18,91
18,93
18,88
18,68
18,27
18,62
18,54
18,87
19,3
18,73
18,63
18,63
18,63
18,52
18,43
18,58
18,87
18,67
18,29
18,05
18,52
18,51
18,31
17,47
16,74
15,97
15,96
15,56
15,12
16,6
16,64
16,53
16,53
16,46
16,95
16,96
16,73
16,73
17,76
17,88
17,72
17,29
17,32
16,63
16,75
16,55
17,09
16,91
17,27
17,29
17,2
17,2
16,98
17,1
16,96
16,63
16,93
16,96
16,82
16,91
17,11
17,16
17,34
17,7
17,38
17,11
17,16
16,84
16,84
16,79
16,61
16,49
16,72
16,63
16,79
16,57
15,85
15,76
15,97
15,56
15,68
15,35
15,63
15,34
15,57
15,51
16,03
16,2
15,56
15,8
16,02
16,38
16,6
16,51
16,01
16,58
16,72
17,06
17,05
17,08
17,06
17,08
17,08
16,99
16,71
16,79
17,04
16,86
17,86
18,06
18,12
18,4
18,32
18,49
17,92
17,92
18,33
18,13
18,36
18,53
18,32
17,9
18,09
17,11
17,29
17,22
17,4
17,63
17,55
17,5
17,48
17,48
17,52
17,69
17,72
17,39
17,42
17,41
17,01
17,04
17,38
17,53
17,44
17,44
17,53
17,6
17,66
17,51
17,28
17,32
17,34
17,08
16,69
16,43
16,84
16,55
16,61
16,42
16,01
15,81
16,02
15,86
16,03
15,86
16
15,37
15,19
14,91
14,91
15,11
15,43
15,82
15,42
14,55
14,61
14,35
14,83
14,85
15,83
15,15
15,76
16,28
16,27
16,08
15,98
16,17
16,08
16,36
16,06
15,57
15,19
15,11
15,3
15,83
15,55
15,65
15,75
15,53
15,58
15,5
15,45
15,58
15,76
15,74
15,7
15,54
15,33
15,34
15,24
15,39
15,19
15,04
14,79
14,79
14,25
14,28
14,51
14,13
14,48
14,55
15,38
14,86
14,49
14,71
15,07
15,18
15,25
14,25
14,16
14,22
14,07
13,9
13,32
13,03
13,03
12,57
12,61
12,98
13,58
13,63
14,02
14,25
14,89
15,16
14,63
15,32
14,44
14,22
12,93
13,36
13,45
13,67
13,78
13,54
13,52
13,77
13,89
14,04
14,08
13,7
13,88
13,99
13,99
14,24
14,02
13,68
13,3
13,46
13,72
14,78
14,1
14,1
15,42
14,93
14,99
15,41
15,63
15,68
15,35
15,5
15,79
15,47
15,9
16,08
15,93
16,33
16,38
16,81
16,23
17,68
17,26
17,35
16,63
16,63
16,97
17,03
16,8
17,11
17,11
17,38
16,99
17,44
17,55
17,74
17,8
18,15
18,11
18,49
18,88
19,02
19,2
19,28
18,84
17,66
17,95
18,23
17,67
17,74
17,31
17
17,49
17,71
17,5
17,38
17,54
17,49
17,41
17,11
17,6
17,59
18,22
18,35
18,6
18,6
18,64
18,5
18,49
18,05
18,16
18,21
18,29
18,67
18,66
18,72
18,12
18,56
18,52
18,52
19,05
19,46
19,83
19,85
20,34
19,52
20,07
20,21
20,16
20,16
20,55
19,92
20,2
21,02
20,27
20,02
20,58
20,06
19,85
20,02
20,65
20,56
20,65
20,25
20,68
21,22
21,73
22,65
24,62
23,38
20,63
21,31
21,19
20,82
20,38
20,66
19,72
20,13
20,57
20,07
19,4
19,53
19,56
20,13
20,11
20,52
20,57
20,15
20,24
20,57
20,91
21,76
19,68
19,45
19,54
19,54
19,95
19,92
19,82
20,17
20,5
20,38
19,69
19,94
19,86
19,29
19,5
20,36
20,55
19,97
20,88
19,88
19,73
19,52
19,71
20,27
20,38
20,03
20,26
20,28
20,55
20,28
20,98
20,35
20,77
20,38
20,74
20,19
20,42
20,35
20,48
20,2
19,82
19,92
19,86
18,76
18,52
18,32
18,14
17,96
18,33
17,9
18,28
18,17
18,05
17,91
18,05
18,23
18,57
18,45
18,59
18,77
18,98
18,67
18,81
19,1
19
19,15
19,02
18,53
18,68
18,58
18,84
18,82
18,88
18,88
19,07
19,4
19,39
19,76
19,76
19,67
19,86
19,73
19,95
19,87
19,67
19,67
19,68
19,2
19,49
19,61
19,6
19,98
20,14
19,99
20,14
20,16
19,95
19,88
20,03
20,2
20,17
20,48
20,9
20,63
20,67
20,57
20,37
20,03
19,67
19,69
19,59
19,47
19,78
19,73
19,88
20,08
20,01
20,22
20,06
19,96
19,96
19,61
19,84
19,61
19,57
19,68
19,88
19,92
20,13
20,51
19,8
19,8
19,83
19,64
19,32
19,4
19,86
20,25
20,23
20,21
20,46
20,44
20,4
20,68
20,8
20,75
20,66
21,13
22,2
22,16
21,57
21,52
21,3
21,3
21,91
21,77
21,6
21,83
21,83
22,88
23,8
23,41
23,06
21,63
22,24
22,9
23,14
23,16
22,35
22,6
22,1
22,77
23,69
22,56
22,34
23,42
24,47
22,56
22,79
22,28
22,68
22,7
23,03
22,43
22,36
22,39
22,11
21,81
22,02
21,88
22,12
22,85
22,45
22,45
22,2
21,86
21,39
21,13
21,81
21,62
21,54
21,18
21,35
21,61
21,3
20,93
20,79
20,41
20,25
20,14
20,06
20,38
20,08
19,59
19,34
19,58
19,85
20,28
20,47
20,35
20,09
20,03
20,33
20,51
20,22
19,78
19,47
19,15
18,31
17,55
18,18
17,75
17,75
17,86
17,36
16,94
17,92
17,9
18,6
17,85
17,48
18,49
18,57
18,5
18,75
18,63
17,97
17,97
18,29
18,25
19
19,02
18,96
19,73
19,51
19,05
18,88
18,77
18,26
17,5
16,24
16,01
16,11
16,11
18
17,88
17,46
17,5
17,09
16,4
16,91
16,64
16,77
16,82
17,38
17,59
17,1
16,63
15,92
15,55
15,42
16,09
16,49
16,15
17,11
16,69
17,17
17,04
16,93
16,72
16,72
16,5
16,48
16,63
17,04
17,45
18,68
18,37
18,67
18,22
18,56
19,06
19,6
19,88
19,83
19,33
20,32
20,06
20,24
20,56
21,59
23,71
23,79
28,72
29,6
26,18
25,68
26,38
27,07
26,69
26,53
27,4
28,64
28,63
28,46
30,52
31,66
31,1
27,36
27,73
26,14
26,96
27,44
27,44
29,29
29,99
31,5
30,09
30,82
30,28
30,84
31,19
31,78
33,72
33,47
33,17
34,43
36,2
39,05
38,33
39,12
39,76
39,52
37,07
34,42
37,03
36,75
37,86
38,88
40,72
39,3
41,07
39,41
38
39,34
36,02
37,02
33,81
28,45
29,95
30,8
34,35
33,02
35,28
34,92
35,3
35,29
33,95
32,05
32,4
35,47
35,6
33,91
32,07
33,29
31,17
31,05
29,9
31,45
29,5
30,07
30,07
32,35
33,27
33,05
33,27
32,92
29,07
29,4
29,05
27,17
26,35
26,6
27,07
26,5
25,3
26,45
26,6
27,1
27,85
28,25
27,5
27,07
26,95
26,95
27,34
26,95
27,57
28,47
28,47
26,52
25,6
24,88
27,25
27,49
28
27,55
27,42
30,13
30,35
32,25
21,47
20,05
21,63
24,9
24,07
25,63
24,15
21,02
21,72
21,07
21,9
21,32
21,22
20,7
21,47
21,32
21,77
22,43
22,77
22,38
22,24
20,73
20,73
20,07
20,17
18,47
17,42
17,42
18,47
19,02
19,27
19,43
20,32
20,5
19,77
19,32
19,33
18,99
20,05
20,47
20,04
19,88
19,77
20,67
20,4
20,77
19,88
19,47
19,77
19,45
19,63
19,63
19,27
19,38
19,47
19,97
20,02
20,27
20,57
21,07
20,97
21,54
21,85
21,6
21,72
21,07
21,15
21,67
21,03
21
20,95
21,27
21,3
20,99
21,27
21,16
21,42
21,72
21,71
21,82
21,91
21,25
20,88
20,72
21,03
20,91
21,19
21,38
20,95
20,85
20,95
21,03
21,03
21,34
21,03
21,29
21,15
21,15
20,9
20,44
20,38
20,27
19,83
19,85
20,07
19,71
19,69
19,97
20,1
19,98
20,21
20,1
19,91
20,02
20,11
20,4
20,56
20,78
20,92
20,69
20,69
20,9
21,28
21,34
21,43
21,31
21,73
21,49
21,69
22,19
21,97
22,15
21,73
21,25
21,4
21,11
21,48
21,38
21,54
21,7
21,32
21,34
21,49
21,39
21,38
21,59
21,63
21,71
21,51
21,29
21,39
21,28
22,49
22,29
21,44
21,92
21,78
21,97
21,85
21,76
22,01
22,28
22,28
22,27
21,76
21,75
21,56
21,35
21,43
21,65
21,5
21,71
21,83
21,73
21,86
21,79
22,02
22,19
22,24
22,1
22,22
22,41
22,24
22,09
22,33
22,69
22,63
22,98
23,02
23,18
23
23,19
23,47
23,88
23,67
23,95
24,12
24,03
23,46
23,13
23,46
23,17
23,23
23,08
23,1
23,28
23,84
23,81
23,77
23,44
23,28
22,99
22,65
22,57
22,27
22,54
22,79
22,38
21,88
22,17
21,93
21,84
22,15
21,04
21,38
21,38
21,47
21,09
20,61
20,74
20,41
19,86
19,39
19,23
19,53
19,93
20,08
19,77
19,45
19,39
19,11
18,27
18,57
18,67
18,67
18,63
18,81
18,63
19,14
19,14
19,42
19,21
19,23
18,71
17,94
17,88
18,25
18,77
18,39
18,82
18,93
19,11
18,91
18,49
18,72
18,38
18,75
19,34
19,09
18,91
18,94
18,92
18,96
19,25
19,49
19,47
19,91
19,69
19,35
19,28
19,7
19,41
19,41
18,13
18,42
18,52
18,6
18,36
18,3
18,43
18,76
18,69
18,35
18,66
18,61
18,57
18,53
18,64
18,61
18,5
18,85
19,15
19,15
19,26
19,04
19,26
18,77
18,9
19,06
19
19,31
19,18
19,25
19,48
19,84
19,78
20,24
20,43
20,28
20,63
20,33
20,45
20,24
19,81
19,92
20,25
20,25
20,25
20,16
19,91
19,9
20,04
20,3
20,28
20,76
20,88
20,88
21,13
20,78
20,79
20,73
20,85
21,01
20,97
20,74
20,56
20,69
20,53
20,12
20,19
20,78
20,78
20,78
21,8
21,99
21,96
22,13
22,07
22,19
22,44
22,53
22,64
22,42
22,22
22,48
22,32
22,27
22,38
22,22
22,29
22,22
22,15
22,46
22,73
23,02
22,72
22,42
22,27
21,83
21,9
22,07
22,07
21,86
21,51
21,38
21,38
21,24
21,38
21,41
21,72
21,8
21,55
21,78
21,9
21,99
22,1
21,95
22,08
22,03
21,97
21,81
21,82
21,59
21,22
21,17
21,41
21,26
21,11
20,99
21,13
21,34
21,3
21,46
21,53
21,32
21,39
21,18
21,85
21,6
21,23
21,13
21,29
21,45
21,71
21,65
21,68
21,76
21,76
21,97
21,99
21,92
21,99
22,34
22,13
22,38
22,22
21,95
21,9
21,78
21,77
21,56
21,5
21,77
21,66
21,82
21,82
21,92
21,75
21,84
21,88
21,98
21,98
22,27
22,11
22,15
22,36
22,3
22,18
21,88
21,48
21,21
21,11
21,13
21,02
21,16
20,71
20,68
20,77
20,59
20,32
20,62
20,26
20,63
20,53
20,45
20,18
20,04
20,36
20,32
20,2
20,5
20,36
20
20,06
20,28
20,28
20,28
19,9
19,55
19,38
19,08
18,94
19,16
18,69
18,86
19,26
19,09
19,05
18,93
19,42
19,67
19,8
19,92
19,79
19,96
19,96
19,96
19,77
19,61
19,63
19,48
19,48
19,02
19,13
19,02
18,91
18,89
18,77
18,2
18,5
18,7
18,88
18,93
18,39
18,34
18,7
18,64
19,51
19,66
19,65
20,38
20,26
20,31
19,99
19,99
20,28
20,27
20,07
20,11
20,19
20,28
19,95
19,95
19,59
19,3
19,44
19,68
20,07
20,48
20,27
20,63
20,52
20,61
20,48
20,45
21,05
20,84
20,63
20,7
20,41
20,11
20,38
20,17
20,04
20,13
20,29
20,04
19,52
19,97
19,96
20,11
20,41
20,26
20,26
20,44
20,53
20,66
20,58
20,32
20,34
20,21
20,21
20,42
20,28
20,38
20,2
20,09
19,99
20,04
19,98
19,78
19,93
19,82
20,2
20,2
20,63
20,54
20,58
20,4
20,46
20,49
20,43
20,42
20,38
20,19
19,8
19,51
19,51
19,32
19,15
19,56
19,6
19,43
19,75
19,92
20,05
20,04
20,04
20,2
20,05
19,77
19,79
19,6
19,65
19,66
19,27
18,99
18,9
18,6
18,87
18,7
18,71
18,63
18,35
18,44
18,36
18,83
18,89
18,99
18,82
18,44
17,93
17,93
18,29
18,06
17,79
17,92
18,12
18,05
17,43
17,73
17,29
17,68
17,2
17,6
17,57
17,67
17,67
17,67
17,67
17,67
17,67
17,67
17,67
17,67
17,67
17,3
17,58
17,58
17,87
18,16
18,14
17,84
17,95
17,68
17,64
18,09
18,42
18,38
18,45
18,4
18,82
18,63
18,24
17,92
17,97
17,72
17,72
17,14
17
16,97
16,74
16,98
16,94
16,85
16,85
17,1
17,68
18,12
17,53
17,52
17,52
17,52
18,07
18,73
18,72
18,63
18,4
18,43
18,43
18,49
18,53
18,76
18,7
18,65
18,5
18,24
18,13
18,04
18,25
18,28
17,92
17,36
17,55
17,66
17,3
16,97
17,5
17,03
17,47
17,38
17,09
16,69
16,71
16,54
16,91
16,72
16,78
16,69
17,08
16,67
16,55
16,67
16,39
15,73
15,73
15,53
15,3
15,36
15,45
14,93
15,03
14,57
14,53
14,61
14,65
15,04
14,5
14,47
14,39
14,21
13,98
14,2
14,32
14,61
14,48
14,48
14,09
14,11
14,45
14,19
14,19
14,52
14,66
15,3
15,36
15,33
14,65
14,95
14,36
14,56
14,81
15,15
14,92
15,25
14,95
14,85
15,09
15,26
15,5
15,48
15,37
15,24
15,91
16,06
15,97
15,63
15,31
15,12
14,64
14,59
14,71
14,15
14,13
13,89
14,26
14,21
14,21
14,28
14,18
14,82
14,48
14,5
14,78
14,8
14,74
14,57
14,14
14,17
14,23
14,19
14,47
14,52
14,82
15,03
14,83
14,88
15,37
15,04
14,94
15,21
15,19
14,15
14,41
14,4
14,78
14,78
15,67
15,67
15,77
15,59
15,57
15,86
15,74
15,96
16,2
16,58
16,64
16,43
16,65
17,56
17,84
17,66
16,82
16,7
16,57
16,92
17,18
16,93
16,85
17,28
17,74
17,72
17,62
17,84
18,27
18,2
17,99
17,61
18,02
18,49
18,93
18,69
18,4
17,83
17,76
18,02
18,02
18,3
18,29
18,25
18,11
18,1
17,78
18,28
18,67
18,48
18,82
18,94
19,75
19,83
20,72
20,68
20,08
19,59
19,38
19,28
18,96
19,14
18,82
19,37
19,52
19,52
19,62
19,3
19,15
19,48
20,17
20,4
20,14
20,18
19,89
19,38
19,49
19,15
19,32
19,59
19,42
19,26
19,46
19,87
20,3
20,65
20,22
20,06
20,14
19,37
19,41
19,29
18,96
18,67
18,05
18,24
17,64
18,08
17,73
17,56
16,87
17,09
17,54
17,49
17,14
17,62
17,4
17,6
17,47
17,52
17,52
17,62
17,84
17,62
17,53
17,39
17
16,72
16,72
16,84
17,21
17,24
17,06
17,65
17,76
17,68
17,48
17,69
17,96
18,36
18,16
17,97
18,01
18,24
18,27
17,95
17,74
17,13
17,03
16,98
17,11
17,34
17,43
17,57
17,31
17,5
17,71
18,01
18,17
18,25
18,16
18,66
18,9
18,97
18,76
18,38
18,46
18,16
18,18
18,07
17,48
17,58
17,38
17,63
17,47
17,43
17,7
18,05
18,05
18,15
18,1
17,97
18,06
17,77
17
16,88
16,93
16,86
17,14
17,12
16,92
16,98
16,96
16,6
16,84
16,91
16,98
17,07
17,15
17,41
17,41
17,63
17,74
17,69
17,77
17,77
17,45
17,56
17,76
17,69
17,4
17,42
17,7
17,72
17,52
17,89
18,47
18,72
18,7
18,46
18,16
18,53
18,82
18,23
17,95
18,2
18,48
18,48
18,54
18,78
18,58
18,43
18,36
18,28
18,47
18,29
18,44
18,46
18,63
18,94
18,94
18,86
18,84
18,59
18,7
18,64
18,52
18,31
18,4
18,63
18,56
18,59
18,3
17,98
17,91
18,18
17,89
18,12
18,17
18,27
18,58
18,44
18,91
18,85
18,68
19,08
18,95
19,21
19,17
19,18
19,05
19,11
19,57
19,73
19,67
19,61
19,84
19,5
19,16
19,16
19,8
20,14
20,4
20,52
20,46
20,13
20,31
20,18
20,48
20,36
20,53
20,18
19,88
20,3
20,33
20,32
19,67
19,76
19,4
19,55
19,91
20,01
19,94
19,99
20,06
19,86
19,81
19,34
19,12
18,7
18,7
18,78
18,88
18,89
19,14
19,25
19,16
19,08
18,94
18,83
18,87
18,93
19,05
18,9
18,8
18,23
18,01
17,59
17,76
17,81
17,67
17,95
17,98
17,59
17,38
17,33
17,33
17,21
17,42
17,14
17,35
17,31
17,49
17,25
17,32
17,28
17,33
17,33
17,03
17,07
17,17
17,45
17,47
17,51
17,43
17,62
17,59
17,95
17,72
17,74
17,65
17,86
17,77
17,91
17,86
17,48
17,4
17,59
17,65
17,87
18,26
18,91
18,79
19,6
19,91
17,84
17,87
17,74
17,89
18,08
18,08
18,49
18,27
18,27
18,44
18,49
18,76
18,53
18,87
18,94
18,92
19,01
18,53
17,89
17,27
17,38
17,47
17,64
17,72
17,54
17,67
17,56
17,32
16,86
17,03
17,36
17,29
17,28
17,08
17,38
17,6
17,59
17,57
17,34
17,44
17,48
17,61
17,58
17,61
17,54
17,67
17,67
17,74
17,94
17,93
17,68
17,62
17,82
17,83
17,83
17,78
17,89
17,92
18,16
18,56
18,14
17,89
17,93
17,93
17,96
18,37
18,28
18,27
18,27
18,43
18,61
18,66
18,76
18,69
18,97
18,62
18,8
19,01
19,14
19,51
19,71
19,05
18,87
18,83
19,12
19,12
19,25
19,49
19,47
19,54
19,54
19,83
19,9
19,96
20,26
20,5
19,86
19,66
18,87
18,28
18,42
18,12
18,58
19,12
18,94
18,49
18,58
18,95
18,06
17,68
17,33
17,65
17,76
17,63
17,83
17,53
17,74
17,71
17,79
17,83
18,01
18,96
18,86
19,02
19,16
19,16
21,07
21,63
22,14
20,97
19,45
19,65
19,3
19,59
19,45
19,24
19,65
20,16
19,87
19,66
19,92
20,42
20,49
21,18
21,99
23,23
24,56
22,74
22,44
22,85
23,23
22,38
21,64
21,45
21,43
22,29
22,68
22,22
22,75
22,75
23,01
23,23
24,08
25,15
24,29
25,13
24,48
24,67
23,47
23,96
23,94
24,39
24
24,35
22,33
22,07
20,95
20,81
20,78
21,19
21,06
21,07
21,13
20,65
21,01
21,23
21,35
21,28
20,79
20,64
22,28
21,95
23,02
22,35
21,58
21,58
21,1
20,65
19,95
19,77
19,86
20,28
19,73
20,06
20,28
20,18
20,13
20,13
20,03
20,28
21,43
21,53
20,73
20,68
20,38
20,1
20,13
20,63
20,98
20,92
21,48
21,08
21,38
21,38
21,65
21,33
21,52
21,56
21,96
21,9
22,42
22,27
21,65
21,67
20,95
21,05
21,57
20,65
20,7
20,13
20,28
20,28
20,45
20,95
21,35
21,25
21,08
21,35
21,45
21,6
22,25
22,35
22,1
21,95
22,6
23,1
22,53
22,15
22,48
22,23
21,55
21,35
21,75
22,2
22,25
22,25
23,35
23,25
23,45
23,85
23,75
24,15
24,75
24,95
24,5
23,3
23,4
23,85
23,45
23,6
23,83
24,55
24,6
24,05
24,6
24,2
24,35
24,05
24,85
24,75
25,25
25,45
25
24,3
24,65
25,5
25,45
25,1
25,4
25,8
25,85
25,79
24,78
24,55
24,8
24,75
24,15
24,4
23,25
23
22,8
22,65
22,75
22,8
23,6
23,35
23,4
24,25
24,35
24,15
23,85
24,5
23,75
23,9
24,15
25,75
23,7
23,7
23,7
23,7
24,7
24,8
25
25,6
25,6
25,15
24,25
23,4
23,75
24,45
25,7
25,7
26,05
26,55
26,1
26,4
26,7
26,7
25,1
25,2
25,35
25,9
25,9
25,55
25,55
26,25
26,25
26,55
26,3
26,15
25,2
25,15
25,95
25,45
25,4
25,1
24,8
24,4
23,85
23,85
23,85
23,9
24,5
24,8
24,15
24,2
24
23,9
23,05
22,3
22,45
22,35
21,75
22,1
22,4
22,4
22,5
22,65
21,95
21,8
21
20,95
21,1
20,8
20,3
20,25
20,75
20,5
21
21,35
20,5
20,15
20,6
20,54
21,19
20,79
21,89
21,89
21,89
21,59
20,89
20,84
20,54
20,59
20,59
20,35
20,3
19,55
19,45
19,15
19,25
19,35
19,25
19,55
19,5
19,9
19,6
19,35
19,5
19,9
20,35
19,6
19,65
19,85
19,8
19,85
20,4
20,2
19,9
19,6
19,6
19,7
19,6
20,51
20,45
21,4
21,1
21,35
21,3
22,1
21,5
21,2
21,6
21,6
21,6
21,6
20,75
20,7
21,15
21
21,15
20,35
20,3
19,8
19
18,85
18,85
18,75
19
18,95
19,1
19,3
18,9
18,75
18,6
18,9
18,71
19,11
18,83
19,41
19,78
20,07
20,38
19,47
19,47
19,53
19,66
19,39
19,21
19,38
18,95
19,79
19,56
20,01
19,21
19,23
19,24
19,63
19,68
19,7
19,71
20,07
20,42
20,18
20,26
20,8
20,78
20,45
20,08
19,57
19,72
19,94
20,18
20,01
20,07
19,94
20,04
20,07
19,83
19,7
19,29
19,31
19,65
19,64
19,66
19,66
19,73
19,65
19,46
19,61
19,43
19,5
19,5
19,41
19,37
19,3
19,67
19,44
19,41
19,37
19,61
19,71
20,03
20,38
20,87
21,29
21,13
21,02
21,82
22,86
21,97
21,88
22,19
22,01
22,01
21,34
20,75
20,65
20,98
20,65
20,69
20,68
21,44
21,18
20,99
21,03
20,4
20,82
21,26
21,1
20,91
20,64
20,44
20,46
20,8
20,46
20,54
20,53
20,76
21,01
20,29
20,01
19,82
19,17
19,45
19,41
19,35
19,13
19,13
19,13
18,76
18,67
18,81
18,58
18,72
18,86
18,79
18,15
18,18
18,21
18,18
18,19
18,22
18,51
18,46
18,29
18,39
18,36
18,36
18,19
17,64
17,6
17,65
17,65
17,41
16,95
16,64
16,91
17,01
16,65
16,53
16,44
16,54
16,35
16,48
16,48
16,43
16,05
15,93
15,65
16,96
17,06
17,35
17,93
17,21
17,07
16,43
16,42
16,63
16,72
16,59
16,48
16,17
15,97
16,03
16,03
15,64
16,24
16,12
16,13
15,23
15,14
15,28
15,41
15,44
15,32
15,28
15,33
15,34
14,9
14,58
14,54
14,3
14,4
14,19
13,41
13,67
14,36
14,43
14,31
16,5
15,88
16,69
16,92
16,84
16,32
15,75
15,69
16,04
16,08
15,48
15,39
15,71
15,61
15,61
15,35
15,18
15,64
15,97
15,49
15,52
15,57
15,07
13,09
15,13
15,43
15,9
15,43
15,56
16,24
15,95
15,47
15,45
15,26
15,21
15,26
15,21
15,01
15,15
14,51
14,15
13,01
13,36
14,21
14,81
14,81
14,9
14,98
14,88
15,21
14,99
14,81
14,94
15,24
15,13
14,49
13,76
13,54
12,67
12,66
11,69
12,38
12,55
11,8
11,85
13,54
14,65
14,54
13,9
14,21
14,29
14,3
14,47
14,58
14,58
13,87
13,83
14,01
14,01
13,96
14,06
14,87
14,9
14,54
14,02
13,44
13,83
14,29
13,97
13,93
14,37
14,2
14,13
14,25
14,27
13,93
13,69
13,8
13,87
13,85
13,06
12,87
12,76
13,44
13,4
13,26
13,13
13,21
13,62
13,44
13,53
13,9
13,67
13,35
13,54
13,29
13,62
13,72
14,7
14,59
14,59
14,34
14,38
14,71
14,39
14,46
14,72
14,6
15,07
15,53
15,58
15,73
15,8
15,99
15,8
15,74
16,01
16,19
15,52
15,71
15,24
15,6
15,03
14,57
14,64
14,47
14,27
14,12
14,08
14,16
13,39
13,45
14,14
14
14,06
14,39
14,19
14,35
14,31
14,48
14,45
14,24
14,09
13,93
13,93
13,39
13,54
13,63
14,04
13,57
12,81
12,46
12,33
12,21
12,2
11,81
11,48
10,86
10,86
10,86
11,37
11,27
11,31
11,25
11,2
11,61
11,33
11,2
10,82
10,86
11,3
11,64
12,84
11,05
10,95
10,86
10,99
11,12
11,03
11,03
11,59
11,82
11,75
12,14
12,14
12,42
12,04
12,84
12,99
13,06
13,43
12,91
12,33
12,23
12,21
12,21
12,13
11,82
12,45
12,62
12,41
12,16
12,4
12,52
12,81
12,36
12,21
12,42
11,94
11,85
11,65
11,66
11,88
11,94
11,9
11,9
11,38
11,49
11,97
11,79
11,97
12,44
12,49
12,61
12,31
12,28
12,66
12,92
13,32
13,33
13,63
13,78
14,74
14,3
14,51
14,48
14,6
15,11
15,02
15,26
15,51
15,36
15,18
15,66
16,16
16,46
16,66
16,77
16,65
16,65
16,94
16,79
16,02
15,92
16,59
16,44
16,73
16,51
16,85
17,34
17,82
17,79
18,05
18,02
17,96
17,67
17,82
18,43
18,53
18,69
18,83
18,94
18,89
18,23
18,23
18,57
17,84
17,44
18,11
18,04
17,76
17,09
16,77
17,04
17,22
16,77
17,25
17,32
17,18
16,85
16,85
16,31
16,61
16,81
17,36
17,91
17,66
17,98
17,82
18,45
18,24
18,61
17,92
18,25
18,01
17,79
17,62
18,42
18,26
18,17
18,22
18,56
19,33
19,39
19,7
19,7
19,78
19,98
19,76
19,94
19,92
20,33
19,89
20,26
20,66
20,28
19,38
19,54
19,84
20,41
20,49
20,4
20,61
21,09
20,52
20,46
20,21
20,49
20,67
20,89
21,26
21,31
21,54
21,47
21,67
21,34
21,7
21,54
21,86
21,66
21,61
21,36
20,66
21,09
21,31
21,93
22,15
21,79
21,54
22
22
22,58
22,64
23,24
23,55
24,18
23,86
24,1
24,52
24,72
24,32
24,48
24,26
24,76
24,81
24,63
24,52
24,69
24,54
24,51
23,71
23,37
23,24
22,46
20,81
21,58
23,06
23
22,46
22,81
22,44
22,36
22,21
22,74
23,48
23,22
23,17
22,71
21,59
21,79
22,44
22,49
22,59
23,17
22,93
23,28
24,21
24,37
24,33
24,91
25,31
26,04
26,57
25,71
26,61
28,03
26,91
27,22
27,22
27,22
25,84
24,87
25,01
25,88
25,71
26,67
26,36
26,69
26
25,21
25,37
25,87
26,28
26,74
26,76
26,55
26,34
25,51
25,86
25,86
26,36
26,81
26,41
25,76
25,76
25,76
25,56
24,65
24,79
24,79
24,71
25,69
26,3
26,63
28,01
28,01
28,98
29,11
29,67
29,71
29,25
30,28
27,66
27,22
27,27
27,65
28,28
27,52
28,26
28,67
28,4
28,05
28,71
29,49
29,51
30,3
30,17
30,01
29,37
29,51
29,51
29,63
30,19
30,23
30,34
30,11
30,57
31,71
31,51
31,46
32,19
33,9
31,22
31,61
31,76
32,11
31,93
30,47
31,1
30,86
29,33
28,01
27,28
27,47
27,86
27,59
27,1
26,36
26,67
26,86
26,28
25,46
25,76
25,51
24,97
23,91
24,17
25,49
25,29
25,48
26,06
25,92
27,38
27,29
27,29
27,41
26,41
24,69
25,53
25,71
25,84
26,86
26,6
27,08
27,37
28,05
28,46
28,1
29,25
29,64
29,95
29,76
29,38
30,28
30,02
28,62
28,61
29,89
30,43
29,76
29,76
30,36
29,03
30,19
30,34
29,87
29,78
29,29
29,78
30,22
31,76
32,73
32,72
32,7
32,35
31,57
33,07
33,64
34,72
34,76
31,56
32,01
31,86
32,73
32,44
32,44
32,44
30,76
30,19
30,26
29,51
29,61
30,34
31,41
31,31
30,71
31,94
31,1
30,94
28,56
27,97
27,89
27,81
28,21
28,22
27,5
27,85
28,27
28,92
29,94
28,93
29,26
30,38
31,09
31,02
31,92
31,43
31,91
31,88
31,97
32,42
31,24
31,23
33,41
34,01
32,92
32,73
33,25
33,09
33,42
33,42
33,92
34,97
35,18
33,62
35,14
34,25
33,87
34,37
35,87
36,75
36,96
37,22
33,84
32,66
31,5
31,78
31,23
30,26
30,87
32,05
31,86
30,91
30,66
30,86
31,98
33,29
33,2
36,06
34,96
33,18
33,36
33,51
33,06
34,31
34,9
34,53
33,62
33,75
32,78
32,86
32,7
33,14
32,59
32,62
33,02
33,44
32,92
33,87
34,05
34,3
34,72
35,54
34,84
35,62
35,98
35,54
36,06
36,06
36,06
35,73
34,02
34,58
33,61
32,06
31,28
29,25
30,24
29,36
28,31
29,75
29,81
28,75
28,06
28,86
29,52
29,34
25,83
26,06
26,16
26,16
27
26,55
25,82
26,72
26,72
27,29
27,93
27,95
28,02
27,44
27,72
29,42
29,42
30,07
30,07
30,19
29,77
30,42
32,12
32,21
31,66
31,46
31,61
29,79
29,07
29,12
28,62
29,88
31,27
30,55
30,27
31,27
31,57
30,93
30,52
30,12
29,55
28,96
29,22
29,22
28,6
28,64
28,52
28,83
28,27
28,26
27,35
27,78
27,89
28,61
28,4
28,95
28,31
27,97
27,91
27,45
26,49
26,56
26,68
26,17
25,99
26,43
26,19
27,31
27,4
27,62
26,43
26,47
26,37
25,7
26,65
27,16
27,24
27,07
27,45
28,47
28,42
28,75
28,75
28,81
27,89
27,83
27,92
27
26,97
25,24
25,93
28,47
28,35
28,48
28,37
27,89
28,66
28,41
27,79
27,35
28,39
28,5
28,59
28,83
28,9
28,77
29,02
29,9
29,96
29,75
28,85
27,97
28,08
28,08
28,76
28,71
28,39
27,88
28,14
27,84
27,56
27,91
28,43
28,94
29,13
28,81
29,12
28,52
27,55
27,49
26,52
26,85
27,02
27,11
26,97
25,67
25,75
26,37
26,02
26,28
26,28
27,07
28,1
27,63
27,22
27,07
26,85
26,57
26,02
25,33
24,65
24,65
25,67
25,88
26,18
26,71
26,74
26,98
26,6
26,7
26,83
27,86
27,51
27,7
28,17
27,62
27,72
28,12
27,85
28,1
27,51
27,47
26,65
27,2
27,93
27,17
25,63
28,34
26,69
27,16
27,07
26,65
26,65
26,65
26,94
27,03
27,54
27,99
27,66
27,65
27,64
28,58
29,59
28,84
27,81
26,73
26,6
25,46
21,46
21,63
22,4
22,8
23,44
23,12
22,7
22,17
22,7
22,32
22,25
22,55
22,51
23,49
22,49
22,37
22,01
21,89
21,33
21,99
21,78
21,28
22
21,75
22,07
22,1
21,83
21,2
20,47
20,24
20
19,93
20,11
21,21
22,23
21,26
21,56
19,63
17,5
18,09
17,74
18,71
18,38
18,38
18,38
18,69
19,57
19,37
18,55
19,46
20,27
19,71
19,62
18,69
19,08
18,32
18,04
18,38
18,2
19,31
19,28
19,38
19,37
18,67
19,3
19,3
19,3
21,32
21,07
20,42
19,96
19,96
21,13
20,65
21,47
21,42
20,82
20,32
20,48
19,67
18,88
18,99
18,96
18,2
18,02
18,02
18,36
19,1
19,57
19,8
20,05
19,3
19,11
19,71
20,4
20,02
20,06
19,77
19,75
20,25
21,29
20,76
21,19
21,19
21,47
21,47
20,77
20,31
20,81
20,92
20,24
21,37
21,4
21,78
22,37
22,55
23,18
23,32
23,62
23,87
24,36
24,55
24,14
24,48
24,47
25,03
25,02
24,92
25,74
25,56
25,69
25,75
25,79
26,21
26,21
26,82
27,75
27,55
26,64
26,21
26,16
25,45
26,15
24,93
23,51
24,53
24,92
25,94
25,86
26,43
26,28
26,63
26,39
26,36
27,12
27,45
27,32
26,58
26,31
26,75
26,11
26,79
27,76
27,78
27,92
28,62
29,17
28,17
28
28,19
28,24
27,35
27,01
26,6
26,69
26,69
25,08
25,64
24,78
25,37
25,1
25,32
25,02
24,89
24,72
24,24
24,21
24,79
25,54
25,9
25,98
25,36
25,57
25,62
25,51
26,34
26,09
26,7
26,8
26,82
26,82
26,86
26,85
26,85
26,85
26,17
26,19
26,76
27,04
27,51
27,23
27,68
27,88
27,5
27,83
26,61
26,63
26,78
26,67
26,55
26,54
27,43
27,02
26,51
26,87
26,55
27,18
26,58
26,67
26,87
27,84
28,35
28,19
28,99
29,24
29,86
30,12
30,37
30,11
29,99
29,23
28,84
28,31
28,83
28,97
28,97
27,76
28,28
29,06
29,51
29,8
29,62
29,77
28,95
29,83
29,14
29,08
29,57
29,49
29,65
30,85
30,79
30,69
30,31
30,53
30,59
30,71
30,59
29,73
29,65
29,65
29,56
29,31
28,96
29,36
30,06
29,73
29,28
29,61
29,56
28,31
27,93
28,19
27,87
27,09
27,25
26,81
26,85
27,18
27,04
26,89
26,06
25,72
25,36
25,83
26,02
26,19
25,28
25,4
25,5
26,71
26,41
27
27,07
27,73
27,01
26,6
26,87
26,87
26,87
27,27
27,34
26,8
27,27
27,03
27,29
27,73
27,49
28,2
28,39
30,15
30,04
30,41
30,57
30,57
32,09
32,13
32,13
32,61
32,68
31,41
31,21
31,21
31,97
33,26
32,29
31,2
30,66
31,95
31,59
32,08
32,42
33,23
33,58
33,88
33,88
34,62
34,32
33,9
34,98
32,43
32,7
33,54
33,78
33,51
32,84
33,61
33,91
34,36
35,05
34,46
35,43
35,83
36,63
36,61
36,61
36,88
37,02
36,29
36,76
37,29
36,06
37,96
36,83
36,76
36,1
36,95
36,86
37,21
37,76
37,18
36,81
37,87
36,05
35,41
34,92
31,55
30,01
28,62
27,18
29,51
31,71
28,71
30,31
30,21
31,14
29,48
28,55
29,05
28,41
27,76
27,97
28,93
27,2
28,28
28,41
29,46
29,16
30,1
30,1
30,76
29,92
28,04
27,52
25,92
25,25
25,32
26,09
26,05
25,74
26,43
25,65
26,24
26,94
27,65
27,34
28,51
29,21
28,57
29,07
28,84
29,29
29,51
29,09
29,74
29,74
29,24
28,46
29,15
29,56
30,72
30,78
29,81
30,84
31,26
31,36
31,72
32,17
31,41
30,63
31,14
31,08
30,28
29,86
30,63
30,22
30,05
31,65
28,97
29,18
30,15
30,41
30,29
30,39
30,39
30,08
30,32
30,87
31,04
31,33
31,21
31,6
31,2
31,48
31,96
31,67
30,2
30,13
30,72
30,31
29,98
30,21
30,69
30,56
32,23
31,8
32,34
31,77
32,41
32,23
31,91
31,91
30,85
30,85
31,01
30,81
30,76
30,96
31,78
31,64
31,43
32,01
31,18
31,41
31,76
31,76
29,57
29,43
28,87
28,93
28,85
29,22
29,41
28,86
28,26
28,15
27,6
27
27,26
26,93
26,97
27
28,19
28,29
28,21
28,35
29,19
29,43
29,9
30,37
30,4
30,48
29,6
30,97
32,01
31,91
31,68
31,74
31,51
30,61
30,37
30,19
30
30,31
29,99
29,95
29,57
28,95
28,67
29,24
28,81
28,86
30,29
30,25
30,73
31,01
31,21
31,37
31,89
32,31
31,75
33,16
32,84
32,87
32,26
29,99
30,02
30,33
30,33
30,33
29,89
30,74
30,61
31,24
30,68
32,08
31,72
31,92
32,01
33,06
33,17
32,94
33,36
33,72
32,81
31,71
32,03
32,99
32,99
32,99
32,51
33,01
32,51
32,51
32,51
33,71
33,54
33,57
34,27
34,38
34,92
34,26
34,62
33,61
35,16
35,16
36,21
35,53
35,12
34,94
34,41
33,99
33,63
32,86
33,16
34,87
34,2
33,06
33,26
32,49
32,91
34,03
33,93
34,12
34,51
34,51
35,13
35,42
35,81
35,8
35,75
35,85
37,28
35,45
36,08
36,85
36,6
35,8
36,81
37,31
36,48
36,33
36,16
37,01
36,23
37,47
37,36
38,21
37,81
38,09
37,12
37,81
37,06
35,67
35,61
35,41
36,15
35,75
34,47
34,39
34,29
35,09
36,28
37,14
37,14
37,79
37,09
36,62
37,74
37,7
37,46
37,61
36,61
37,7
37,21
36,98
37,49
37,23
37,5
37,31
38,26
38,86
39,57
39,41
39,98
38,9
40,3
40,77
40,94
41,42
41,53
40,32
41,61
40,92
39,83
42,03
41,45
40,6
39,25
39,9
39,9
42,33
39,96
39,29
38,44
38,72
37,18
37,6
38,45
38,45
37,58
37,18
37,33
38,51
38,68
37,69
38,11
37,56
37,81
37,34
36,25
35,6
36,92
38,56
38,37
38,37
39,56
39,18
40,27
39,9
39,3
39,55
40,98
40,7
41,1
41,55
40,86
40,63
41,51
41,82
41,45
41,83
42,81
42,69
43,72
43,83
44,13
42,73
44,39
43,95
44,86
44,51
44,72
45,52
46,61
46,02
46,75
47,36
48,66
47,6
46
45,68
43,83
43,06
43,11
42,32
42,23
43,89
44,04
43,94
43,94
43,18
42,77
44,53
42,84
43,86
44,62
43,83
44,03
45,63
46,33
47,11
48,41
48,37
48,86
49,56
49,76
49,53
49,56
50,16
49,85
51,08
51,98
52,56
53,4
53,65
53,49
53,86
54,69
54,89
53,59
53,28
54,93
54,51
55,83
55,52
55,17
52,52
50,95
51,78
50,1
49,6
50,9
48,8
49,65
49,1
47,4
48,7
47,5
47,3
46,95
46,1
46,85
46,3
48,9
48,48
48,74
49,14
49,14
49,14
49,71
49,16
45,56
43,31
42,56
42,96
41,51
41,96
42,41
40,71
41,06
41,76
44,21
44,16
46,31
45,57
45,76
44,05
44,19
44,19
41,26
41,78
43,69
43,36
43,36
42,16
43,96
43,41
45,51
45,32
45,31
45,66
46,46
48,11
48,41
48,41
48,46
47,61
47,01
48,31
48,61
49,43
48,8
48,8
47,15
48,25
47,1
46,65
46,4
46,45
45,35
45,4
45,45
47,05
47,15
47,5
47,3
48,35
47,5
48,45
48,45
51
51,73
52,05
52,2
51,75
51,67
53
53,6
53,7
53,9
54,55
54,75
53,52
54,4
54,9
55,05
56,5
56,4
56,8
56,7
55,87
49,43
49,7
49,7
54,06
54,26
53,96
55,31
57,26
56,86
55,83
55,88
54,16
53,46
53,71
51,54
50,21
51,11
50,61
50,52
52,33
52,45
52,49
54,16
53,16
54,33
51,37
51,92
49,2
50,94
49,6
50,22
51,12
51,3
52,04
51,76
50,39
48,83
48,65
48,64
48,97
46,99
47
47,25
48,68
49,14
50,37
50,89
51,65
51,65
52,08
54,4
53,46
55,08
54,46
53,84
52,51
54,36
53,55
55,47
55,03
55,53
56,48
58,4
59,19
58,9
58,27
59,23
59,63
60,54
58,32
57,23
56,63
59,11
59,11
59,71
61,24
60,76
59,71
59,23
60,49
60
57,83
58,36
57,12
57,61
56,73
57,31
57,75
58,16
59,2
59,12
59,91
60,71
61,51
61,87
60,76
61,6
62,44
63,92
63,13
64,8
65,67
66,71
66,21
66,11
63,29
63,47
65,51
65,46
65,81
67,1
67,29
66,05
67,41
69,91
68,63
69,5
66,91
66,91
65,83
64,38
64,8
64,21
63,29
63,18
65,2
64,64
62,91
67,21
66,24
66,96
67,07
64,67
65,98
64,94
66,36
66,83
66,21
65,36
63,74
62,56
61,37
61,81
60,71
63,84
64,13
63,05
62,61
64,26
62,94
62,11
61,04
61,05
60,63
62,83
60,85
61,03
61,3
59,8
59,85
59,75
61,7
60,6
59,4
59,7
59,65
57,8
57,45
57,6
57,05
57,85
56,2
56,3
57,75
58,3
58,3
58,3
58,3
57,36
56,46
57,33
58,46
59,31
59,91
59,96
59,21
60,66
59,41
61,36
61,36
60,86
60,01
58,01
57,31
57,81
58,56
58,08
58,2
58,2
58,16
59,81
60,26
61,06
61,06
63,11
63,41
62,81
64,21
63,56
63,41
63,91
63,96
63,86
63,86
66,36
65,76
66,86
68,16
68,06
66,83
65,6
65,8
67,81
68,36
67,86
66,61
64,71
65,41
65,11
63,01
62,51
62,66
62,01
61,26
59,61
57,61
58,61
59,76
59,76
61,21
59,03
58,03
61,46
61,01
61,37
62,01
63,36
63,61
62,46
61,51
60,06
60,51
59,91
61,81
63,01
62,11
63,46
62,81
60,31
60,41
60,03
62,13
63,9
63,75
65,65
66
66,7
66,25
66,07
65,75
66,76
67,22
67,02
68,29
69,03
68,53
69,53
69,53
70,3
71,28
72,07
71,96
73,73
70,19
67,43
71,71
70,76
71,8
73,75
74,62
72,26
69,98
70,09
69,75
70,71
72,15
73
71,87
69,25
69,4
68,65
69,63
68,44
69,23
70,78
69,47
70,92
71,35
71,35
71,85
71,42
70,11
72,73
72,5
72,43
70,9
70,25
71,62
70,28
68,48
69,12
69,78
69,75
69,21
69,3
70,07
70,62
70,5
71,63
72,05
72,15
73,5
73,94
73,85
73,85
75,2
75
73,76
73,5
74,05
74,99
76,7
76,8
75,7
73,87
72,79
74
73,52
74,29
73,46
73,82
74,5
73,3
74,56
74,93
76,16
75,59
74,78
77,05
76,29
76,28
74,17
74,38
73,33
72,95
71,64
70,12
70,93
72,45
72,55
71,45
72,02
72,13
70,47
69,74
70,2
70,38
69,24
69,24
68,7
67,75
67,37
66,3
65,42
63,81
64,09
63,27
63,3
63,84
61,77
60
61,62
59,79
60,74
60,63
62,96
62,46
62,9
60,96
58,64
59,53
60,02
59,68
59,93
58,5
57,56
58,23
58,69
59,91
58,91
57,66
58,55
57,35
56,74
57,55
59,09
60,27
60,75
58,41
58,72
58,64
57,87
59,13
60,11
58,94
59,93
61,18
59,66
58,59
58,28
58,79
56,23
55,9
56,42
58,01
57,28
57,28
57,93
60,3
60,97
62,45
62,97
63,43
62,39
62,4
62,2
62,54
62,06
61,26
61,06
61,34
62,48
63,4
62,19
62,87
63,08
62,05
61,81
61,81
61,07
60,31
60,39
60,85
60,85
60,77
58,31
55,65
56,29
56,08
55,65
53,95
51,91
52,96
52,96
51,23
52,3
50,51
51,98
51,11
53,61
54,24
53,49
55,38
54,01
57,03
58,17
57,35
59,01
58,69
58,91
57,75
59,76
59,86
57,76
58,98
58
57,92
59,38
59,38
58,32
59,4
60,28
60,28
61,41
61,46
61,78
61,97
61,58
60,05
60,66
61,85
61,63
60,06
58,94
58,03
58,15
57,52
57,06
56,65
56,41
56,98
60,21
61,07
61,77
62,98
64,11
66,1
65,94
66,03
64,59
64,4
64,26
64,26
61,51
61,92
61,98
63,87
63,63
63,63
63,14
63,14
61,81
63,56
65,33
64,1
65,33
65,08
66,45
65,78
64,43
63,78
63,23
61,89
61,48
62,26
61,54
61,85
62,35
62,55
63,16
62,57
64,83
64,93
66,25
64,91
65,1
63,62
64,59
64,59
63,19
63,47
64,02
65,09
66,17
65,63
65,97
66,93
64,78
65,93
65,36
66,17
67,62
68,04
69,06
69,15
68,5
68,35
68,85
68,83
67,78
68,98
69,61
70,47
71,11
71,41
71,41
71,81
72,8
72,14
72,8
72,58
72,55
73,89
74,11
74,03
75,03
75,9
75,53
74,65
73,38
75,74
74,96
77,03
76,82
78,2
76,49
76,84
75,41
72,03
72,25
72,23
71,62
71,49
71,6
72,4
73,36
70,99
71,9
71,12
69,49
69,3
69,86
71,17
71,98
71,79
73,52
73,37
73,98
73,98
75,07
75,74
76,34
76,7
77,53
78,16
79,85
80,05
79,14
80,55
81,51
81,99
83,85
83,38
82,51
81,2
80,31
82,86
81,64
80,31
80
79,97
81,48
81,2
78,97
80,23
81,3
83,05
83,73
86,19
87,58
87,19
89,48
88,58
87,6
86,45
88,3
92,09
91,73
93,45
90,33
94,16
93,53
95,81
94,06
96,65
96,46
95,51
96,36
94,4
91,18
94,02
93,37
94,81
95,75
99,16
98,57
98,57
98,24
97,66
94,39
90,71
90,98
88,6
89,29
88,31
87,45
90,25
88,23
87,72
90,12
94,41
92,35
91,31
90,69
89,93
91,11
90,88
93,19
94
94
95,89
96,63
96,03
95,95
95,95
99,64
99,17
97,9
95,08
96,43
95,64
93,92
92,74
94,23
91,87
90,8
90,11
90,55
90,55
89,64
87,65
89,98
90,37
90,99
91,66
92,34
91,67
89,03
90,07
88,32
87,16
88,07
91,77
93,56
92,82
93,28
95,42
95,57
95,57
99,99
100,86
98,57
99,03
99,4
100,83
99,59
102,6
101,78
102,42
99,72
104,45
105,51
105,12
107,9
108,73
109,86
110,21
110,03
105,74
109,57
103,25
102,57
102,57
101,7
101,78
105,83
107,56
105,59
101,54
100,92
104,83
103,92
106,09
108,91
108,54
110,89
110,07
110,14
111,71
113,77
114,8
114,8
116,56
117,48
119,17
119,28
117,1
119,64
118,78
115,67
113,7
112,6
116,36
119,94
121,82
123,56
123,77
125,94
124,02
125,83
124,21
124,25
126,5
127,15
128,93
132,99
130,04
131,58
131,58
128,81
131
126,7
127,35
127,75
124,33
122,3
127,93
138,51
134,44
131,38
136,43
136,91
134,84
134,52
133,99
136,54
131,88
134,78
135,98
136,49
133,92
138,91
139,69
139,96
141,06
143,74
145,31
145,31
141,38
136,06
135,88
141,47
144,96
145,16
138,68
134,63
129,43
128,94
131,43
127,25
123,73
124,62
122,59
124,72
122,21
126,74
124,17
125,03
121,45
118,71
118,57
119,84
115,42
114,44
113,1
115,96
115,05
113,46
113,14
114,39
115,48
121,23
114,48
114,85
116,31
118,17
115,58
115,55
115,55
109,63
109,38
107,99
106,47
106,35
103,23
102,66
100,95
101,19
95,52
91,49
97,39
97,5
104,05
122,61
107,85
106,84
111,54
106,77
96,29
100,7
98,26
93,87
93,91
88,15
90,18
88,94
86,5
77,44
81,17
78,69
74,38
69,81
71,9
74,11
71,29
66,92
67,17
63,34
62,02
62,83
67,48
65,82
68,1
63,96
70,44
65,44
60,75
61,06
62,19
59,41
55,98
58,31
57,18
55,14
54,42
53,64
48,86
49,22
53,63
50,02
54,2
54,2
55,21
49,34
47,05
46,79
43,8
41,01
43,69
42
43,1
47,77
46,27
44,61
43,84
40,17
36,76
32,37
31,1
30,28
32,94
32,94
37,58
39,89
38,95
44,6
44,6
46,17
48,61
48,56
42,75
41,68
40,69
37,65
37,77
37,43
35,41
35,38
35,38
38,57
42,56
42,33
45,12
46,5
41,67
42,04
41,58
41,73
41,35
40,87
40,27
41,15
40,24
39,58
37,54
35,93
34,03
37,63
37,63
34,96
34,67
39,6
39,35
37,66
38,86
41,64
43,18
44,15
40,07
41,57
45,28
43,54
45,43
47,01
45,68
42,46
46,91
46,22
47,33
48,97
48,12
51,46
51,55
53,05
53,36
52,24
53,87
52,41
48,49
49,67
48,46
52,61
52,52
51,1
49,13
49,37
52,24
52,24
50,22
49,51
49,26
49,97
50,36
45,82
46,65
47,41
48,46
50,65
49,29
49,01
50,19
50,35
52,18
54,45
53,81
56,29
56,67
58,58
57,79
58,81
58
58,58
56,52
58,99
59,52
61,45
60,49
61,15
61,15
62,48
63,41
65,09
66,31
68,59
68,58
66,14
68,8
68,43
68,05
70,02
71,38
72,69
72,13
70,55
70,47
71,07
71,42
69,6
67,09
68,81
68,14
69,7
69,16
71,47
69,82
69,32
66,68
66,68
64,06
62,88
60,15
60,36
59,93
59,69
59,62
61,49
62,07
63,56
63,93
64,81
64,58
66,1
66,96
68,34
67,24
63,42
66,9
69,26
71,59
71,4
71,97
71,96
70,97
70,59
69,46
70,08
70,57
67,51
66,72
69,22
72,54
72,4
73,12
73,68
71,6
71,38
72,49
72,72
69,97
68,11
68,03
67,9
67,95
67,95
71,08
71,27
71,95
69,34
68,86
70,81
72,5
72,48
71,95
69,74
71,5
68,74
65,74
65,91
66,69
66,56
70,46
70,67
69,8
70,26
70,71
69,6
71,69
71,75
73,24
74,1
75,2
77,55
78,54
79,47
78,87
81,03
80,82
80,11
78,61
79,45
77,39
79,84
77,04
78,08
79,58
80,3
79,64
77,4
79,44
79,01
79,16
77,25
76,34
78,91
79,08
79,55
77,5
76,83
76,49
74,88
77,25
77,25
75,95
77,19
78,39
76,62
76,42
75,41
73,89
72,59
70,67
70,54
69,86
69,48
70,62
72,64
72,58
73,3
72,71
73,48
76,03
76,83
76,83
78,67
78,87
79,35
79,39
79,39
81,52
81,74
83,12
82,6
82,74
82,54
80,79
79,66
79,35
77,96
77,96
78,98
77,42
75,84
74,25
74,9
74,67
73,64
73,62
72,85
74,41
77,21
76,96
73,13
71,15
71,87
73,71
74,48
75,23
74,11
74,11
76,98
77,27
78,97
79,77
80,04
78,61
79,75
77,99
79,72
78,71
79,62
80,91
80,21
81,5
81,85
81,5
82,07
82,1
81,26
79,79
81,75
82,93
82,16
80,58
81,26
81,68
80,29
80,25
79,75
81,92
82,14
83,45
84,53
84,53
86,36
86,59
85,64
85,17
84,6
84,07
83,8
85,62
85,25
82,97
81,52
82,98
82,78
82,99
84,4
84,2
82,43
83,22
85,17
86,07
86,19
82,73
80
77,18
75,12
76,89
76,37
75,65
74,38
71,61
70,08
69,38
69,91
68,28
68,03
68,23
64,78
71,52
74,56
74
74
72,7
72,88
74,62
71,43
71,55
71,88
74,38
75,48
73,89
74,99
76,84
77,67
76,82
77,18
77,84
77,15
75,9
75,96
78,45
78,26
75,93
75,59
72,95
72,06
72,06
71,96
74,05
75,46
76,08
74,93
77,16
77,02
76,67
75,96
76,53
77,32
76,27
79,01
78,68
78,93
77,46
77,06
78,3
78,85
81,25
82,52
82,49
82
80,67
81,46
80,24
78,09
75,68
75,39
75,17
75,76
75,39
74,45
73,45
72,71
71,24
72,07
73,36
75,17
74,69
71,93
73,97
74,99
74,52
74,52
73,98
74,65
74,25
76,4
77,17
76,78
75,92
74,58
73,63
74,81
72,96
72,98
73,4
74,63
76,51
76,15
77,85
79,95
81,57
81,43
82,83
83,21
81,34
82,66
82,18
81,67
83,03
82,71
81,23
83,06
79,57
81,93
80,03
81,15
82
82,6
81,9
82,2
81,45
82,94
83,91
84,45
86,49
86,85
87,07
87,04
87,77
87,77
84,89
84,88
82,33
80,43
81,88
81,65
81,24
80,79
83,21
83,21
83,87
85,73
84,12
86,75
87,98
89,18
89,33
88,69
88,3
88,35
87,81
88,62
88,33
88,66
87,71
88,02
88,68
89,3
89,83
90,84
90,84
90,99
91,48
91,13
89,85
91,38
91,59
89,39
90,3
88,37
88,07
89,24
91,11
91,85
91,39
91,53
91,53
91,38
90,85
88,56
88,22
86,74
85,08
86,15
84,45
88,15
90,99
89,54
89,78
89,42
87,87
86,3
85,85
85,59
85,44
84,39
83,66
83,13
83,8
85,05
85,03
85,03
92,65
96,04
95,83
96,52
97,1
99,63
102,27
101,92
104,34
105,37
105,06
104,39
102,73
101,14
101,2
97,23
97,99
101,47
101,06
102,36
104,53
105,21
105,04
104,89
103,54
104,34
103,8
106,19
107,55
108,14
107,82
108,38
109,82
112,27
109,5
105,75
106,6
107,73
109,17
106,7
107,18
110,84
111,72
111,72
111,68
111,72
112,31
112,38
113,39
113,03
110,6
108,79
99,89
96,87
100,32
103,39
97,88
98,53
99,21
96,91
96,4
99,52
97,99
99,15
97,06
99,13
100,78
100,18
100,58
100,58
102,7
100,3
100,41
100,28
99,07
99,18
100,77
101,95
99,3
97,2
99,37
94,83
94,95
93,02
93,23
93,7
94,96
90,7
90,89
90,65
92,9
94,85
95,3
94,81
94,81
96,92
96,67
98,7
96,2
95,16
97,41
98,04
95,75
97,24
95,94
97,49
98,11
98,96
99,53
98,97
99,61
97,4
97,48
95,68
94,98
93,78
91,87
86,75
86,89
81,27
79,32
83,05
85,48
85,19
87,88
86,65
87,58
82,38
82,33
84,42
85,35
84,99
85,15
85,37
87,27
88,9
88,81
88,93
88,93
84,63
85,99
89,34
89,05
89,05
88,19
90,21
88,91
89,4
89,4
85,7
86,92
85,77
80,29
80,29
79,97
84,18
80,94
81,87
81,87
77,34
75,4
79,41
82,32
82,7
85,14
85,54
85,3
83,96
86,8
86,38
88,34
86,11
86,07
87,19
91,12
92,98
90,2
93,96
93,32
93,19
92,19
92,51
94,07
94,26
95,52
96,8
95,74
97,78
98,99
98,14
99,37
102,59
98,82
97,67
96,73
97,76
96,16
96,16
96,16
98,21
99,79
100,36
100,2
100,96
100,99
101,28
100,49
98,34
99,41
97,77
100,14
94,95
93,87
93,53
93,88
97,24
98,54
99,46
99,61
99,61
101,34
99,36
99,65
98,83
98,83
102,96
103,22
101,81
101,56
101,31
102,24
100,89
99,03
98,69
98,69
100,7
100,61
100,32
98,15
99,47
98,84
99,23
99,76
99,47
98,75
98,46
97,63
96,36
97,8
96,89
98,55
98,8
99,88
98,68
100,39
100,82
101,82
102,33
103,27
103,27
105,88
105,99
107,44
109,39
108,49
106,59
107,08
108,76
106,68
106,7
104,71
106,16
106,65
107,4
106,34
106,7
105,49
105,19
107,03
108,09
105,68
106,87
104,98
106,43
107,07
107,32
105,4
102,79
103,03
105,25
104,02
101,53
103,29
103,29
102,45
101,12
102,66
103,69
102,84
102,92
104,23
102,65
102,38
103,58
102,68
103,1
103,72
104,56
104,86
104,89
106,17
105,25
102,56
98,49
97,86
97,13
96,8
97,1
96,03
94,75
93,97
92,78
92,53
91,51
92,57
91,44
89,4
90,36
90,64
90,64
90,75
87,79
86,52
83,17
83,95
84,31
85,05
84,78
84,08
82,58
83,35
82,56
83,83
84,03
83,26
83,99
81,06
77,91
79,33
78,76
79,34
80,27
77,72
85,04
83,72
87,74
87,06
87,11
84,37
85,93
83,92
85,88
86,02
87,15
88,41
89,07
89,88
92,78
91,56
87,77
88,28
88,8
89,4
90,13
89,8
88,08
88,99
87,22
91,4
92,3
93,68
93,39
93,39
92,94
92,76
93,4
94,35
95,66
96
96,03
96,55
96,89
95,87
95,78
95,54
96,3
95,5
94,61
96,47
97,04
95,34
95,37
95,58
96,41
96,52
97,03
97,02
98,3
98,94
96,51
95,27
91,97
92,14
92,64
91,68
91,07
89,92
91,89
92,18
92,44
91,88
88,19
91,69
89,87
89,43
92,42
91,24
92,19
91,83
91,84
92,07
92,04
92
90
88,3
86,65
85,39
85,59
85,84
85,52
85,65
86,23
87,05
84,9
85,64
88,62
84,5
85,07
86,08
85,56
85,38
86,32
85,45
86,62
89,05
86,46
87,08
87,08
87,01
87,28
86,81
86,1
87,64
88,54
88,69
88,04
87,36
85,47
85,45
85,14
85,36
86,35
85,39
86,32
86,71
87,46
89,09
89,76
88,2
88,29
88,29
90,71
90,91
90,66
91,83
91,83
93,14
92,97
93,12
93,2
93,21
93,08
93,81
93,6
94,27
93,26
94,28
95,49
95,61
95,61
96,09
95,06
95,35
95,15
95,95
97,62
97,98
97,65
97,46
96,21
96,68
96,44
95,84
95,71
97,01
97,48
97,03
97,3
95,95
95,95
96,69
94,92
92,79
93,12
92,74
92,63
92,84
92,03
90,71
90,13
90,88
90,47
91,53
92,01
92,07
92,44
92,47
93,03
93,49
93,71
92,44
93,21
92,46
93,41
94,55
95,99
96,53
97,24
97,24
97,1
97,23
95,02
93,26
92,76
93,36
94,18
94,59
93,44
91,23
88,75
88,73
86,65
87,83
88,04
88,81
89,21
91,07
93,27
92,63
94,09
93,22
90,74
93,7
95,25
95,8
95,28
96,24
96,09
95,81
94,76
93,96
93,95
94,85
95,72
96,29
95,55
93,98
94,12
93,84
93,84
94,65
93,13
93,57
91,93
93,41
93,36
93,66
94,71
96,11
95,82
95,5
95,98
96,66
97,83
97,86
98,46
98,24
94,89
93,81
95,07
95,25
95,47
97
96,36
97,94
99,65
101,92
100,99
103,09
103,03
103,46
106,41
104,77
105,85
106,2
105,88
106,39
107,94
108
106,61
107,13
105,41
105,47
104,76
104,61
103,14
105,1
107,93
106,94
106,61
105,32
104,41
103,45
106,04
106,19
106,78
106,89
107,43
107,58
107,14
104,9
103,93
104,93
106,48
105,88
109,11
110,17
108,51
107,98
107,98
108,67
107,29
108,5
110,62
109,62
107,48
107,65
108,72
108,31
106,54
105,36
108,23
106,26
104,7
103,62
103,22
102,68
103,1
102,86
102,36
102,09
104,15
103,29
103,83
103,07
103,54
101,63
103,08
102,17
102,46
101,15
102,34
100,72
100,87
99,28
97,63
96,9
96,65
97,4
98,74
98,29
96,81
96,29
94,56
94,58
93,4
94,74
94,25
94,56
95,13
93,12
93,91
93,76
93,8
93,03
93,35
93,34
95,35
94,53
93,86
93,64
92,28
92
92,78
93,84
96,06
97,2
97,37
97,71
97,33
98,55
97,48
97,44
96,5
97,41
97,22
97,82
98,63
99,11
98,62
98,87
98,85
99,56
100,32
99,28
98,55
98,04
95,52
94,04
93,5
93,69
92,28
91,74
92,77
91,83
92,53
94,16
93,92
94,34
93,34
94,89
96,35
97,23
96,66
95,82
97,49
97,34
98,25
97,55
96,44
97,24
97,4
97,84
99,98
100,12
99,96
100,38
100,27
100,31
100,89
102,54
103,46
103,2
102,53
103,17
102,2
102,63
102,38
102,58
105,04
103,34
101,45
101,52
102,52
101,09
99,99
97,99
98,27
98,93
98,13
99,78
100,41
99,38
99,97
100,05
99,66
100,61
101,25
101,73
101,57
99,69
99,6
100,29
101,16
100,43
102,57
103,55
103,37
103,68
104,05
103,7
103,71
104,33
104,33
104,35
101,69
101,47
102,2
100,85
100,84
101,27
99,78
99,4
99,8
99,45
99,52
100,77
100,23
100,03
100,6
101,72
102,34
101,45
102,02
102,66
102,51
104,31
104,03
105,01
105,01
104,13
102,72
103,61
102,75
102,42
102,69
102,62
102,52
102,67
104,44
104,37
104,39
106,55
106,84
106,87
106,3
105,99
106,43
107,3
106,83
106,64
107,04
105,79
105,76
105,37
105,36
104,48
104,06
104,06
103,49
103,36
102,23
102,91
100,78
101,03
99,86
101,18
103,14
103,13
104,64
103,89
103,11
102,76
105,23
105,68
100,91
104,29
98,23
97,86
98,26
97,34
96,93
97,34
97,61
98,09
97,36
97,57
95,54
97,3
96,44
94,35
96,4
93,97
93,61
95,39
95,78
95,82
96,44
97,86
97,86
92,92
95,5
94,51
93,32
92,64
92,73
91,71
92,89
92,18
92,86
94,91
94,33
93,07
92,43
91,46
91,55
93,6
93,59
95,55
94,53
91,17
90,74
91,02
89,76
90,33
88,89
87,29
85,76
85,87
85,73
81,72
81,82
82,33
82,8
82,76
83,25
80,52
82,81
81,27
81,26
81,36
82,25
81,06
80,53
78,77
77,15
78,71
77,87
78,71
77,43
77,85
77,16
74,13
75,91
75,64
74,55
74,55
75,63
76,52
75,74
74,04
73,7
73,7
65,94
68,98
66,99
67,3
66,73
65,89
63,13
63,74
60,99
60,01
57,81
55,96
55,97
56,43
54,18
56,91
55,25
56,78
55,7
55,7
54,59
53,46
54,14
53,45
53,45
52,72
50,03
47,98
48,69
48,8
48,35
46,06
45,92
48,49
46,37
48,49
48,49
46,13
47,85
45,93
45,26
44,8
45,84
44,08
44,12
47,79
49,25
53,04
48,45
50,48
51,66
52,99
50,06
48,8
51,17
52,66
52,66
53,56
52,13
51,12
49,95
49,56
48,48
50,25
47,65
49,84
49,59
50,43
51,53
50,76
49,61
49,95
48,42
48,06
47,12
44,88
43,93
43,39
44,63
44,02
46
47,4
47,03
48,75
51,41
48,83
48,66
47,72
50,12
49,13
49,13
52,08
53,95
50,44
50,79
51,63
51,95
53,3
56,25
56,69
55,71
56,37
55,58
56,17
56,59
55,98
55,56
57,05
58,55
59,62
59,1
58,92
60,38
60,93
58,99
59,41
59,23
60,72
60,5
59,89
59,73
59,44
57,3
58,96
60,18
58,88
58,88
57,29
57,51
57,69
60,25
60,24
61,3
59,67
58
59,11
58,15
60,15
61,36
60,74
59,96
59,53
60,01
59,89
60,41
59,62
60,01
61,05
60,01
59,59
59,41
58,34
59,48
56,94
56,93
56,93
52,48
52,33
51,61
52,76
52,74
52,19
53,05
51,4
50,9
50,88
50,11
50,59
49,27
48,11
47,98
47,17
47,97
48,77
48,53
47,11
45,25
45,75
45,13
44,69
43,87
44,94
43,11
43,22
42,27
42,45
41,93
42,58
40,75
41
40,45
38,22
39,15
38,5
42,47
45,29
49,2
45,38
46,3
46,75
46,02
46,02
45,92
44,13
45,85
44,75
44,07
44,58
47,12
46,93
44,71
46,67
46,17
44,53
44,94
45,55
44,4
45,24
45,06
44,75
45,54
46,28
48,53
47,86
49,46
49,67
47,09
46,7
46,63
46,38
47,3
45,91
45,84
45,22
44,9
43,91
43,19
43,21
45,93
46,02
46,6
46,12
47,88
46,32
45,27
44,32
43,87
44,23
42,95
